8
8
17
12
0
12
8
7
4
0
7
4
19
8
8
17
19
8
19
7
4
5
5
7
0
19
7
15
17
19
19
19
19
17
1
14
19
0
5
5
12
5
17
12
19
8
14
0
0
5
0
15
5
5
0
5
0
7
7
14
17
19
17
0
17
12
14
17
19
12
8
0
4
7
4
17
12
4
12
5
0
15
17
19
12
19
0
12
15
17
12
0
12
12
7
0
5
8
7
14
7
8
15
8
15
9
4
9
0
15
6
8
11
4
6
15
5
9
0
15
8
15
11
11
6
15
0
8
5
11
1
9
15
5
6
5
18
9
18
4
14
6
12
11
8
8
7
19
15
12
6
11
0
12
0
5
0
0
16
5
15
0
18
18
8
5
6
18
5
5
5
6
0
5
0
11
4
9
0
0
5
5
6
5
8
8
0
6
5
15
5
12
5
15
5
4
18
4
0
6
1
15
11
15
10
10
10
11
10
2
19
7
11
9
3
17
19
11
2
17
15
11
11
19
10
7
11
7
3
9
18
7
2
15
1
17
16
10
2
13
14
11
17
11
9
7
7
3
15
11
9
7
19
10
1
7
9
1
19
14
2
14
7
11
3
19
17
15
19
1
9
2
17
1
10
17
11
9
19
17
17
15
15
7
2
10
3
17
1
17
15
10
9
11
7
3
9
1
7
1
12
12
16
8
12
17
14
5
10
14
8
5
6
14
5
7
10
18
17
5
5
6
5
18
16
12
10
4
14
12
14
15
14
8
17
18
8
12
16
8
8
6
1
14
10
5
14
16
8
1
12
0
1
12
6
5
6
1
17
15
16
12
16
6
17
14
6
6
14
1
1
5
12
1
12
16
10
1
18
16
6
17
18
10
12
16
12
14
14
1
1
6
17
8
5
12
18
16
10
18
17
3
11
11
5
19
3
19
11
8
8
0
2
8
4
3
14
0
14
8
19
0
4
3
11
4
19
9
8
0
9
9
0
11
0
14
19
3
17
0
14
18
4
4
8
18
14
3
9
14
3
18
9
3
10
8
18
14
4
18
5
3
17
9
4
9
4
11
19
14
11
4
17
8
0
14
18
17
9
8
4
17
15
3
3
9
11
4
3
4
4
0
0
18
14
18
14
4
11
4
